image: intersection_complex.pgm
resolution: 0.034812881
origin: [-24.682332463, -24.682332463, 0.000000]
negate: 0
occupied_thresh: 0.65
free_thresh: 0.1

